%YAML:1.0
---
K_gauche: !!opencv-matrix
   rows: 3
   cols: 3
   dt: d
   data: [ 4418.546401961712, 0., 319.34590366821516, 0.,
       4655.4369250503396, 196.39477180858526, 0., 0., 1. ]
dist_gauche: !!opencv-matrix
   rows: 1
   cols: 5
   dt: d
   data: [ -17.52763560252432, 1374.9433143210338, 0.44333339727284427,
       0.49871340221456983, -6170.8054973072958 ]
K_droite: !!opencv-matrix
   rows: 3
   cols: 3
   dt: d
   data: [ 1666.6686955539415, 0., 402.46333063705953, 0.,
       1593.9848881540663, 240.58919254325605, 0., 0., 1. ]
dist_droite: !!opencv-matrix
   rows: 1
   cols: 5
   dt: d
   data: [ 2.6515084131231035, -59.648349226493735, 0.13597573242079139,
       0.14675525559134617, 384.3058651992722 ]
F: !!opencv-matrix
   rows: 3
   cols: 3
   dt: d
   data: [ 4.0245344734270171e-07, -2.6403578841271096e-05,
       0.0061284121194129385, 2.7328139473278335e-05,
       -1.8924728641767757e-06, -0.015754449366314729,
       -0.0061264797912917021, 0.010923520550216953, 1. ]
E: !!opencv-matrix
   rows: 3
   cols: 3
   dt: d
   data: [ 2.9637689940761631, -204.86724254310678, 1.7856840700642902,
       192.47471506783253, -14.043466014446008, -11.793881032236593,
       2.6968508406523211, -0.73677060827285679, -0.16005845942010377 ]
R: !!opencv-matrix
   rows: 3
   cols: 3
   dt: d
   data: [ 0.99753915615181865, -0.028185962740984602,
       -0.06419644420279004, 0.026611351048806731, 0.99932684553358531,
       -0.025252560093015748, 0.064864997797541957, 0.023482063373093838,
       0.99761772476257982 ]
T: !!opencv-matrix
   rows: 3
   cols: 1
   dt: d
   data: [ -0.002638377762653871, -0.013969412862816697,
       0.99989894212717789 ]
