%YAML:1.0
---
matrice_intrinseque: !!opencv-matrix
   rows: 3
   cols: 3
   dt: d
   data: [ 1266.623054610081, 0., 612.2228435129756, 0.,
       1226.2121643071609, 357.2733254292105, 0., 0., 1. ]
distorsion: !!opencv-matrix
   rows: 1
   cols: 5
   dt: d
   data: [ 0.66588745312854236, -13.22969169445232,
       -0.0022858002910546254, -0.0036672127870079905,
       70.294668626376904 ]
