%YAML:1.0
---
K_gauche: !!opencv-matrix
   rows: 3
   cols: 3
   dt: d
   data: [ 2010.4495845122103, 0., 584.44322096024666, 0.,
       1955.6246308595732, 530.91066509652012, 0., 0., 1. ]
dist_gauche: !!opencv-matrix
   rows: 1
   cols: 5
   dt: d
   data: [ -0.23118782400805565, -2.7293053882578353,
       -0.017343074078789534, 0.056860893312586709, 47.442534447737586 ]
K_droite: !!opencv-matrix
   rows: 3
   cols: 3
   dt: d
   data: [ 1375.435177244301, 0., 679.79016727913381, 0.,
       1501.3687071155332, 376.86765916909474, 0., 0., 1. ]
dist_droite: !!opencv-matrix
   rows: 1
   cols: 5
   dt: d
   data: [ 0.25499445589398018, -1.728509108640649,
       0.0062563296514056999, -0.071566562063305653, 3.5043938317228562 ]
R: !!opencv-matrix
   rows: 3
   cols: 3
   dt: d
   data: [ 0.50546964660582783, 0.10574069684597777,
       -0.85634066900428507, 0.000980417345015, 0.99239144073762764,
       0.12311891460098802, 0.86284383010021515, -0.063072445498988036,
       0.50152008083103516 ]
T: !!opencv-matrix
   rows: 3
   cols: 1
   dt: d
   data: [ 298.83654600483538, -23.426362132469635, 123.82560772456192 ]
